26662322788
26662320834
26662320406
26662320455
26662320376
26662323606
26662327751
26662320315
26662329000
26662320313
26662325244
26662326343
26662324972
26662324931
26662323494
26662329937
26662322114
26662328488
26662327024
26662322146
26662320017
26662329247
26662324212
26662320057
26662329906
26662327711
26662325594
26662321369
26662321330
26662325628
26662328422
26662326368
26662320688
26662322831
26662325595
26662322780
26662324973
26662321331
26662329939
26662327715
26662322147
26662321338
26662326369
26662326350
26662320785
26662323495
26662322118
26662321374
26662329201
26662324253